filter,(All),,,
,,,,
Sum of EmpID2,Column Labels,,,
Row Labels,HIGH,VERY HIGH,(blank),Grand Total
BPC,327058,43160,400078,770296
CCDR,329119,43465,386345,758929
EW,343970,38789,359108,741867
MSC,345236,28373,362043,735652
NEL,354796,42054,364341,761191
PL,333475,33471,392876,759822
PYZ,361277,44070,343623,748970
SVG,373359,42784,338573,754716
TNS,341617,36301,353901,731819
WBL,351461,37299,352478,741238
Grand Total,3461368,389766,3653366,7504500
